SN,CHAR,16,M,L,S,E,R,I,A,L,N,U,M,B,E,R,0,0
RXVDP,FLOAT,1,0.996471
RXVDN,FLOAT,1,3.300000
RXHV,FLOAT,1,27.486275
RXHVCTRL,UINT32,1,0
MACADDR,UINT8,6,0,128,225,0,0,0
ML_IP,UINT8,4,192,168,1,10
ML_PORT,UINT16,1,2000
PC_IP,UINT8,4,192,168,1,15
PC_PORT,UINT16,1,2000
GATEWAY,UINT8,4,192,168,1,1
NETMASK,UINT8,4,255,255,255,0
STREAM,UINT32,1,0
THRESCOE,FLOAT,3,12.480000,121.400002,25.889999
LENSCOE,FLOAT,12,118.303101,118.303101,199.500000,49.500000,0.000000,0.000000,-0.336600,0.151300,-0.044400,0.005600,0.000000,0.000000
GLBOFS,UINT16,1,230
PRI,UINT32,1,143
INTSREJ,UINT32,1,1
TGSAMPL,UINT32,1,368
STARTCOL,UINT32,1,20
ENDCOL,UINT32,1,379
VCSELPAR,UINT32,1,0
PULSEINH,UINT32,1,0
PULSEEDG,UINT32,1,1
PULSEDEL,UINT32,1,8
PULSEDUT,UINT32,1,2
VCSELCS,UINT32,1,0
VCSELTYP,UINT32,1,4
JITTEREN,UINT32,1,1
SPADOFSL,UINT8,100,14,14,13,13,12,15,13,13,12,13,12,14,11,11,10,12,10,10,8,11,8,8,7,10,5,7,1,3,1,6,4,5,5,8,7,8,8,8,5,7,6,7,5,6,4,5,7,10,7,8,6,10,7,7,8,9,10,11,7,10,9,11,10,12,11,12,8,11,11,13,6,8,10,12,9,13,11,16,14,16,16,17,18,20,21,22,22,22,20,23,23,25,23,24,24,25,27,29,27,29
SPADOFSR,UINT8,100,24,20,22,17,21,16,19,17,16,15,18,14,17,14,17,12,13,9,11,10,9,7,6,2,9,6,12,8,9,8,8,4,9,6,9,5,7,5,8,7,8,5,6,4,5,3,5,0,3,3,15,10,13,11,12,12,12,12,14,12,15,12,14,14,17,13,14,15,16,13,18,14,15,12,14,15,16,13,16,11,20,18,21,18,24,22,23,22,24,23,27,25,28,24,28,29,28,26,29,26
DUALMODE,UINT32,1,1
COEGRPA,UINT32,1,2271560481
COEGRPB,UINT32,1,19088743
FIROFS,UINT32,1,7
COGTAP,UINT32,1,15
STARTROW,UINT32,1,0
ENDROW,UINT32,1,99
INTSMODE,UINT32,1,0
PEAKWIDT,UINT32,1,16
TYPEBPAR,UINT32,1,22023651
VCSELOFS,UINT16,96,26,5,11,9,15,0,8,6,23,8,16,11,18,13,17,19,22,11,7,13,22,9,19,9,25,23,23,17,21,13,21,12,21,12,22,6,17,12,14,19,12,16,15,17,17,0,0,0,0,0,0,0,0,0,0,0,0,0,0,0,0,0,0,0,0,0,0,0,0,0,0,0,0,0,0,0,0,0,0,0,0,0,0,0,0,0,0,0,0,0,0,0,0,0,0,0
PLVER,UINT32,1,21040500
PLTMRMS,UINT32,1,65390
HWREG0,UINT32,1,469762079
FWVER,CHAR,15,2,0,2,1,0,8,3,1,1,8,1,6,3,9,A
FILLING,UINT32,1,1
